ex(6,0.8127901609565075,0,0,0,0,9,1.9530832871991681,0,0,0,0,11,1.2750511731123504,0,0,2,1.9669117647058822,18,1.7697894709102537,2,1.9435897435897436,0,0,5,1.4865793586843306,0,0,0,0,sell).
ex(0,0,0,0,0,0,1,2.4310344827586206,0,0,0,0,0,0,0,0,0,0,0,0,0,0,0,0,1,2.4310344827586206,0,0,0,0,hold).
ex(0,0,0,0,0,0,0,0,0,0,0,0,0,0,0,0,0,0,0,0,0,0,0,0,1,0,0,0,0,0,sell).
ex(0,0,0,0,0,0,0,0,0,0,0,0,0,0,0,0,0,0,0,0,0,0,0,0,1,2.8115942028985508,0,0,0,0,buy).
ex(0,0,0,0,0,0,6,1.4202127659574468,0,0,1,0,2,2.666666666666667,0,0,0,0,13,1.4491199103353145,0,0,0,0,2,0.867816091954023,0,0,0,0,buy).
ex(0,0,0,0,0,0,0,0,0,0,0,0,0,0,0,0,0,0,0,0,0,0,0,0,0,0,0,0,1,3,buy).
ex(0,0,0,0,0,0,0,0,0,0,0,0,0,0,0,0,0,0,0,0,0,0,0,0,0,0,2,0.9464285714285714,0,0,sell).
ex(0,0,0,0,0,0,0,0,0,0,0,0,0,0,0,0,0,0,0,0,0,0,0,0,0,0,1,2.8115942028985508,0,0,hold).
ex(0,0,1,1.8333333333333333,0,0,0,0,0,0,0,0,0,0,0,0,0,0,0,0,0,0,0,0,0,0,1,2.5686274509803924,0,0,buy).
ex(0,0,0,0,0,0,0,0,0,0,0,0,1,2.772727272727273,0,0,0,0,2,2.8,1,2.76,0,0,2,2.044620646766169,0,0,0,0,hold).
ex(0,0,0,0,0,0,2,2.1950825556353193,0,0,0,0,0,0,0,0,0,0,0,0,0,0,0,0,1,2.1758793969849246,0,0,0,0,hold).
ex(0,0,0,0,0,0,0,0,1,2.3258426966292136,0,0,0,0,0,0,0,0,0,0,0,0,0,0,1,2.2549019607843137,0,0,0,0,sell).
ex(0,0,0,0,0,0,1,2.260869565217391,0,0,0,0,0,0,0,0,0,0,0,0,0,0,0,0,1,0,0,0,0,0,hold).
ex(0,0,0,0,0,0,3,2.3141025641025643,0,0,0,0,0,0,0,0,0,0,4,0.9968487394957983,0,0,0,0,0,0,1,2.44,0,0,buy).
ex(0,0,1,2,0,0,0,0,1,0,0,0,0,0,0,0,0,0,0,0,0,0,0,0,0,0,1,2.360655737704918,0,0,sell).
ex(0,0,0,0,0,0,0,0,0,0,0,0,0,0,1,2.6666666666666665,0,0,0,0,0,0,0,0,2,1.0465116279069768,0,0,0,0,buy).
ex(1,3,0,0,1,0,0,0,0,0,0,0,2,2.3,1,3,1,0,0,0,0,0,0,0,0,0,1,3,0,0,sell).
ex(0,0,0,0,0,0,6,2.1910505981473727,2,1.2,0,0,0,0,0,0,0,0,0,0,0,0,0,0,1,0,0,0,0,0,buy).
ex(0,0,0,0,0,0,0,0,0,0,0,0,0,0,0,0,0,0,0,0,0,0,0,0,1,1,0,0,0,0,sell).
ex(0,0,0,0,0,0,0,0,0,0,2,2.689166666666667,1,2.875,0,0,0,0,0,0,0,0,0,0,1,2.875,0,0,0,0,buy).
ex(0,0,0,0,0,0,3,2.148690692247861,1,2.1627906976744184,0,0,2,2.5267229254571024,1,0,0,0,1,2.4310344827586206,0,0,0,0,0,0,1,2.1627906976744184,0,0,hold).
ex(0,0,0,0,0,0,0,0,0,0,0,0,3,2.2222415261454604,0,0,0,0,3,2.192285367350751,0,0,0,0,4,2.67623723061453,0,0,0,0,buy).
ex(0,0,0,0,0,0,0,0,0,0,0,0,0,0,0,0,0,0,0,0,0,0,0,0,0,0,0,0,1,2.2,buy).
ex(1,2.8947368421052633,0,0,0,0,0,0,0,0,0,0,0,0,0,0,0,0,0,0,0,0,0,0,1,2.8947368421052633,0,0,0,0,buy).
ex(0,0,0,0,0,0,2,1.822495894909688,1,2.495145631067961,0,0,4,1.9810481707763858,5,2.6146673590591263,0,0,1,2.557823129251701,1,2.6964285714285716,0,0,0,0,1,2.54,0,0,sell).
ex(0,0,0,0,0,0,0,0,0,0,0,0,0,0,0,0,0,0,0,0,0,0,0,0,1,1.375,0,0,0,0,sell).
ex(0,0,0,0,0,0,4,2.547549338538278,0,0,0,0,0,0,0,0,0,0,0,0,0,0,0,0,1,2.44,1,2.8518518518518516,0,0,hold).
ex(1,2.1636363636363636,0,0,0,0,2,1.1041666666666667,0,0,0,0,0,0,0,0,0,0,0,0,0,0,0,0,1,1,0,0,0,0,buy).
ex(0,0,0,0,0,0,0,0,0,0,0,0,0,0,1,2.8421052631578947,0,0,0,0,0,0,0,0,1,1.8571428571428572,0,0,0,0,hold).
ex(0,0,0,0,1,0,0,0,0,0,0,0,0,0,0,0,0,0,0,0,0,0,0,0,1,1.967741935483871,0,0,0,0,buy).
ex(0,0,0,0,0,0,1,2.649484536082474,1,2.967741935483871,0,0,0,0,0,0,0,0,0,0,0,0,0,0,1,2.649484536082474,1,1.8974358974358974,0,0,sell).
ex(1,2.342660352991821,0,0,0,0,2,2.342660352991821,0,0,0,0,2,2.342660352991821,0,0,0,0,1,2.342660352991821,0,0,0,0,1,2.342660352991821,0,0,0,0,sell).
ex(0,0,0,0,0,0,0,0,1,2.3333333333333335,0,0,1,2.3529411764705883,0,0,0,0,0,0,0,0,0,0,1,1.4615384615384615,0,0,0,0,sell).
ex(3,2.65133836650652,1,2.8823529411764706,0,0,1,2.303030303030303,0,0,0,0,0,0,0,0,0,0,0,0,0,0,0,0,0,0,0,0,1,0,buy).
ex(0,0,0,0,0,0,0,0,0,0,0,0,0,0,0,0,0,0,0,0,0,0,0,0,0,0,1,0,0,0,sell).
ex(1,2.683333333333333,1,1.6,0,0,0,0,0,0,0,0,0,0,0,0,0,0,0,0,0,0,0,0,0,0,1,3,0,0,sell).
ex(1,2.982300884955752,0,0,0,0,0,0,0,0,0,0,2,2.6244837758112096,0,0,0,0,0,0,0,0,0,0,3,2.3786848072562354,1,2.0526315789473686,0,0,hold).
ex(0,0,0,0,0,0,0,0,0,0,0,0,0,0,0,0,0,0,0,0,0,0,0,0,1,1.951219512195122,0,0,0,0,buy).
ex(0,0,0,0,0,0,1,2.7457627118644066,1,2.9,0,0,2,2.672881355932203,1,3,0,0,1,2.3333333333333335,0,0,0,0,1,2.7457627118644066,0,0,0,0,buy).
ex(0,0,0,0,0,0,0,0,1,2,0,0,1,2.0714285714285716,0,0,0,0,0,0,0,0,0,0,0,0,1,2.982300884955752,0,0,sell).
ex(0,0,0,0,0,0,1,2.769230769230769,0,0,0,0,0,0,0,0,0,0,1,2.6,0,0,0,0,2,0.5,0,0,0,0,hold).
ex(0,0,0,0,0,0,1,2,0,0,0,0,1,3,1,2.937984496124031,0,0,0,0,0,0,0,0,1,2.6,0,0,0,0,hold).
ex(0,0,0,0,0,0,0,0,0,0,0,0,0,0,0,0,0,0,0,0,0,0,0,0,1,0,0,0,0,0,hold).
ex(0,0,0,0,0,0,0,0,0,0,0,0,0,0,0,0,0,0,0,0,0,0,0,0,1,3,1,0,0,0,buy).
ex(2,2.357818532818533,0,0,0,0,0,0,0,0,0,0,0,0,0,0,0,0,0,0,0,0,0,0,1,1.5454545454545454,0,0,0,0,sell).
ex(0,0,0,0,0,0,0,0,0,0,0,0,0,0,0,0,0,0,0,0,0,0,0,0,0,0,0,0,1,1.75,sell).